file01.txt	526, 62, 274, 276, 289, 253, 174, 128, 79, 300, 166, 57, 69, 31, 84, 126, 74, 154, 29, 67, 37, 61, 122, 39, 51, 16, 37, 7, 48, 71, 23, 38, 38, 98, 30, 34, 22, 37, 9, 34, 30, 33, 29, 27, 11, 30, 4, 62, 5, 55, 35, 8, 13, 6, 10, 17, 15, 27, 22, 7, 4, 33, 2, 50, 16, 17, 27, 10, 17, 14, 13, 37, 19, 9, 9, 13, 5, 10, 11, 5, 9, 7, 5, 11, 24, 13, 5, 3, 16, 7, 7, 4, 2, 5, 6, 4, 4, 6, 15, 8
file02.txt	543, 64, 294, 250, 342, 276, 184, 188, 89, 303, 175, 104, 69, 51, 88, 195, 103, 152, 33, 75, 44, 73, 111, 24, 43, 34, 78, 12, 14, 14, 27, 39, 24, 71, 33, 47, 51, 53, 10, 50, 49, 32, 32, 25, 25, 24, 6, 61, 11, 71, 38, 11, 17, 13, 19, 33, 22, 49, 20, 8, 0, 20, 3, 49, 19, 23, 32, 22, 27, 20, 23, 41, 15, 6, 18, 23, 9, 26, 9, 4, 10, 19, 6, 21, 12, 26, 8, 18, 30, 12, 5, 6, 5, 2, 19, 5, 6, 18, 13, 30
file03.txt	610, 57, 282, 291, 322, 269, 149, 213, 94, 266, 198, 72, 90, 41, 86, 177, 101, 149, 38, 86, 48, 69, 158, 34, 54, 24, 43, 12, 54, 41, 25, 30, 24, 58, 38, 32, 38, 46, 6, 42, 49, 22, 32, 35, 21, 25, 8, 78, 14, 50, 34, 1, 12, 9, 16, 46, 8, 65, 21, 6, 4, 20, 2, 35, 8, 36, 33, 15, 27, 26, 14, 36, 19, 6, 23, 15, 2, 19, 20, 8, 17, 7, 3, 18, 15, 12, 7, 7, 15, 14, 8, 2, 1, 2, 10, 9, 4, 4, 6, 19
file04.txt	659, 64, 275, 325, 348, 248, 216, 169, 103, 296, 176, 62, 59, 37, 84, 179, 95, 128, 34, 75, 52, 60, 153, 40, 73, 22, 45, 5, 20, 20, 29, 33, 31, 113, 39, 43, 31, 61, 19, 39, 42, 32, 31, 22, 16, 27, 3, 100, 8, 61, 32, 6, 24, 12, 21, 45, 5, 51, 13, 12, 1, 14, 5, 25, 4, 38, 27, 18, 23, 8, 18, 31, 26, 2, 10, 32, 14, 19, 16, 4, 13, 8, 4, 17, 14, 18, 4, 13, 24, 14, 9, 4, 4, 2, 9, 11, 10, 18, 6, 26
file05.txt	601, 59, 262, 298, 284, 307, 186, 171, 103, 249, 164, 68, 54, 43, 88, 182, 92, 137, 20, 63, 52, 71, 136, 44, 52, 11, 41, 6, 33, 30, 11, 35, 18, 101, 42, 34, 26, 60, 10, 35, 37, 32, 38, 27, 15, 28, 10, 86, 7, 43, 29, 6, 31, 6, 10, 57, 9, 57, 19, 7, 0, 29, 1, 24, 11, 29, 25, 7, 26, 15, 18, 35, 27, 7, 13, 14, 12, 14, 13, 10, 17, 7, 3, 15, 11, 8, 2, 5, 26, 13, 7, 1, 3, 1, 13, 8, 4, 22, 7, 14
file06.txt	583, 51, 267, 288, 301, 267, 183, 159, 87, 287, 163, 87, 47, 33, 85, 115, 68, 187, 21, 81, 63, 68, 103, 45, 47, 12, 67, 9, 56, 48, 13, 26, 31, 123, 43, 35, 34, 48, 10, 41, 41, 27, 35, 23, 21, 34, 11, 92, 11, 69, 21, 4, 19, 10, 18, 38, 18, 36, 23, 11, 5, 44, 5, 43, 15, 22, 18, 15, 29, 14, 14, 44, 39, 5, 16, 10, 12, 21, 18, 4, 16, 5, 2, 15, 12, 33, 3, 6, 29, 12, 5, 3, 4, 2, 12, 9, 8, 8, 5, 19
file07.txt	636, 56, 271, 287, 329, 310, 168, 189, 74, 356, 205, 65, 49, 41, 76, 121, 78, 129, 22, 96, 47, 60, 88, 31, 64, 17, 96, 9, 36, 30, 16, 35, 19, 130, 44, 41, 35, 58, 6, 34, 50, 38, 38, 23, 14, 19, 6, 101, 14, 70, 35, 7, 15, 13, 23, 33, 11, 21, 9, 9, 2, 33, 0, 44, 18, 27, 36, 8, 26, 13, 14, 38, 20, 7, 17, 21, 14, 18, 17, 6, 15, 9, 5, 21, 16, 30, 11, 5, 10, 12, 11, 5, 4, 1, 17, 11, 4, 4, 6, 26
file08.txt	533, 73, 284, 242, 291, 269, 183, 187, 99, 295, 155, 74, 54, 40, 66, 109, 81, 138, 19, 67, 60, 60, 92, 36, 44, 25, 51, 15, 73, 64, 13, 39, 31, 87, 40, 48, 22, 55, 7, 36, 51, 29, 30, 19, 16, 23, 5, 54, 6, 67, 36, 12, 16, 11, 19, 46, 20, 37, 12, 8, 2, 26, 5, 31, 18, 26, 16, 19, 17, 13, 13, 44, 22, 6, 18, 11, 3, 25, 26, 4, 17, 17, 1, 6, 14, 25, 4, 12, 18, 13, 4, 3, 2, 4, 11, 9, 7, 11, 8, 14
file09.txt	532, 77, 321, 221, 275, 257, 181, 201, 133, 407, 197, 86, 85, 33, 103, 197, 78, 199, 42, 83, 47, 78, 142, 30, 33, 16, 24, 16, 46, 62, 20, 32, 30, 122, 33, 43, 35, 44, 5, 48, 58, 30, 33, 33, 15, 39, 7, 81, 12, 86, 42, 11, 17, 8, 8, 35, 7, 64, 13, 7, 2, 36, 1, 59, 13, 14, 42, 16, 22, 17, 23, 35, 30, 10, 21, 8, 6, 18, 28, 5, 12, 9, 1, 11, 14, 29, 3, 8, 14, 10, 12, 1, 1, 3, 18, 7, 7, 4, 10, 10
file10.txt	576, 82, 287, 289, 303, 241, 197, 161, 68, 279, 147, 75, 80, 41, 112, 84, 92, 198, 44, 88, 81, 56, 54, 46, 50, 25, 56, 3, 50, 46, 97, 30, 24, 104, 36, 52, 33, 55, 15, 32, 43, 30, 25, 46, 20, 25, 2, 61, 11, 63, 21, 9, 26, 9, 7, 48, 11, 27, 19, 4, 7, 20, 5, 45, 15, 13, 30, 17, 18, 21, 10, 26, 17, 15, 17, 15, 15, 13, 16, 4, 13, 11, 14, 13, 10, 15, 45, 9, 19, 11, 4, 2, 2, 2, 49, 10, 9, 12, 15, 18
